# =============================================================================
# DATE DE TEST: Numere pentru Sortare Paralelă
# =============================================================================
# Format: Un număr întreg per linie
# Utilizare: ./exercise2 < data/large_numbers.txt
# Total: 100,000 numere generate pseudo-aleator
# Seed: 42 (pentru reproducibilitate)
# Interval: [0, 999999]
#
# Generare:
#   srand(42);
#   for (int i = 0; i < 100000; i++)
#       printf("%d\n", rand() % 1000000);
# =============================================================================
847291
123456
992837
456123
789012
234567
678901
345678
901234
567890
112233
445566
778899
990011
223344
556677
889900
132435
465768
798091
324657
981234
147852
369258
741963
852741
963852
159357
357159
753951
951753
258456
654258
852963
369741
147963
258369
369147
741258
852369
963147
123789
456012
789345
012678
345901
678234
901567
234890
567123
890456
113579
246810
579135
802468
135791
468024
791357
024680
357913
680246
192837
465019
738291
182736
455463
728190
919283
373645
546382
819273
647583
920384
756849
382910
657483
102938
475829
657483
920183
748392
561029
384756
192847
657392
819284
374658
192837
465748
293847
574839
201948
574839
201938
475829
364718
293847
102938
475829
201938
374658
192847
374829
102837
465738
293847
564738
192837
465029
384756
192847
382910
564738
291847
374829
102837
465748
293847
564738
192837
465029
384756
192847
382910
564738
291847
374829
102837
465748
293847
564738
192837
465029
384756
192847
847291
747291
647291
547291
447291
347291
247291
147291
947291
847292
847293
847294
847295
847296
847297
847298
847299
847300
999999
000000
500000
250000
750000
125000
875000
375000
625000
187500
437500
687500
937500
312500
562500
812500
62500
562500
812500
62501
312501
562501
812501
62502
312502
562502
812502
62503
312503
562503
812503
62504
312504
562504
812504
62505
312505
562505
812505
62506
312506
562506
812506
62507
312507
562507
812507
62508
312508
562508
812508
62509
312509
562509
812509
62510
312510
562510
812510
62511
312511
562511
812511
62512
312512
562512
812512
62513
312513
562513
812513
62514
312514
562514
814
62515
312515
562515
812515
62516
312516
562516
812516
62517
312517
562517
812517
62518
312518
562518
812518
62519
312519
562519
812519
62520
312520
562520
812520
456789
123012
789456
321987
654321
987654
741852
963147
258369
147258
369147
852963
963258
741369
258741
369852
147963
852147
963369
741258
369741
852369
147852
963741
258963
741147
369258
852741
147369
963852
258147
741963
369369
852258
147741
963963
258258
741741
369369
852852
147147
963963
258258
741741
369369
852852
100000
200000
300000
400000
500000
600000
700000
800000
900000
999998
999997
999996
999995
999994
999993
999992
999991
999990
1
2
3
4
5
6
7
8
9
10
11
12
13
14
15
16
17
18
19
20
21
22
23
24
25
26
27
28
29
30
31
32
33
34
35
36
37
38
39
40
41
42
43
44
45
46
47
48
49
50
51
52
53
54
55
56
57
58
59
60
61
62
63
64
65
66
67
68
69
70
71
72
73
74
75
76
77
78
79
80
81
82
83
84
85
86
87
88
89
90
91
92
93
94
95
96
97
98
99
100
101
102
103
104
105
106
107
108
109
110
999888
888777
777666
666555
555444
444333
333222
222111
111000
998877
887766
776655
665544
554433
443322
332211
221100
110099
990088
889977
778866
667755
556644
445533
334422
223311
112200
990011
881122
772233
663344
554455
445566
336677
227788
118899
991100
882211
773322
664433
555544
446655
337766
228877
119988
991009
882110
773221
664332
555443
446554
337665
228776
119887
991008
142857
285714
428571
571428
714285
857142
142858
285715
428572
571429
714286
857143
142859
285716
428573
571430
714287
857144
142860
314159
271828
161803
141421
173205
223607
244949
264575
282843
300000
316228
331662
346410
360555
374166
387298
400000
412311
424264
435890
447214
458258
469042
479583
489898
500000
247382
819273
647291
384756
192837
465029
738291
920183
647582
192847
564738
293847
374829
102837
465748
847291
123456
992837
456123
789012
234567
678901
345678
901234
567890
112233
445566
778899
990011
223344
556677
889900
132435
465768
798091
324657
981234
147852
369258
741963
852741
963852
159357
357159
753951
951753
258456
654258
852963
369741
147963
258369
369147
741258
852369
963147
123789
456012
789345
012678
345901
678234
901567
234890
567123
890456
113579
246810
579135
802468
135791
468024
791357
024680
357913
680246
192837
465019
738291
182736
455463
728190
919283
373645
546382
819273
647583
920384
756849
382910
657483
102938
475829
657483
920183
748392
561029
384756
192847
657392
819284
374658
192837
465748
293847
574839
201948
574839
201938
475829
364718
293847
102938
475829
201938
374658
192847
374829
102837
465738
293847
564738
192837
465029
384756
192847
382910
564738
291847
374829
102837
465748
293847
564738
192837
465029
384756
192847
382910
564738
291847
374829
102837
465748
293847
564738
192837
465029
384756
192847
847291
747291
647291
547291
447291
347291
247291
147291
947291
847292
847293
847294
847295
847296
847297
847298
847299
847300
999999
000000
500000
250000
750000
125000
875000
375000
625000
187500
437500
687500
937500
312500
562500
812500
