# Graf mare pentru benchmarking
# Format: N M S (noduri, muchii, sursa)
# Apoi M linii: U V W (sursa, destinatie, pondere)
# 
# Acest graf are 100 noduri si ~500 muchii
# Generat pentru testarea performantei
100 487 0
0 1 4
0 5 2
0 10 7
1 2 3
1 6 5
1 11 8
2 3 2
2 7 4
2 12 6
3 4 5
3 8 3
3 13 7
4 9 6
4 14 4
5 6 3
5 10 5
5 15 2
6 7 4
6 11 6
6 16 3
7 8 2
7 12 5
7 17 4
8 9 3
8 13 4
8 18 6
9 14 5
9 19 3
10 11 4
10 15 3
10 20 7
11 12 5
11 16 4
11 21 5
12 13 3
12 17 6
12 22 4
13 14 4
13 18 5
13 23 3
14 19 6
14 24 4
15 16 3
15 20 5
15 25 2
16 17 4
16 21 3
16 26 5
17 18 2
17 22 4
17 27 3
18 19 5
18 23 6
18 28 4
19 24 4
19 29 5
20 21 3
20 25 4
20 30 6
21 22 5
21 26 3
21 31 4
22 23 4
22 27 5
22 32 3
23 24 3
23 28 4
23 33 5
24 29 5
24 34 4
25 26 4
25 30 3
25 35 5
26 27 3
26 31 4
26 36 3
27 28 5
27 32 3
27 37 4
28 29 4
28 33 5
28 38 3
29 34 3
29 39 4
30 31 4
30 35 5
30 40 3
31 32 3
31 36 4
31 41 5
32 33 5
32 37 3
32 42 4
33 34 4
33 38 5
33 43 3
34 39 5
34 44 4
35 36 3
35 40 4
35 45 5
36 37 4
36 41 3
36 46 4
37 38 3
37 42 5
37 47 3
38 39 4
38 43 4
38 48 5
39 44 3
39 49 4
40 41 5
40 45 3
40 50 4
41 42 4
41 46 5
41 51 3
42 43 3
42 47 4
42 52 5
43 44 5
43 48 3
43 53 4
44 49 4
44 54 5
45 46 4
45 50 5
45 55 3
46 47 3
46 51 4
46 56 4
47 48 5
47 52 3
47 57 5
48 49 4
48 53 4
48 58 3
49 54 3
49 59 4
50 51 3
50 55 4
50 60 5
51 52 4
51 56 3
51 61 4
52 53 5
52 57 4
52 62 3
53 54 3
53 58 5
53 63 4
54 59 4
54 64 5
55 56 5
55 60 3
55 65 4
56 57 4
56 61 5
56 66 3
57 58 3
57 62 4
57 67 5
58 59 4
58 63 3
58 68 4
59 64 5
59 69 3
60 61 4
60 65 5
60 70 3
61 62 3
61 66 4
61 71 4
62 63 5
62 67 3
62 72 5
63 64 4
63 68 4
63 73 3
64 69 3
64 74 4
65 66 3
65 70 4
65 75 5
66 67 4
66 71 3
66 76 4
67 68 5
67 72 4
67 77 3
68 69 4
68 73 5
68 78 4
69 74 5
69 79 5
70 71 5
70 75 3
70 80 4
71 72 4
71 76 5
71 81 3
72 73 3
72 77 4
72 82 5
73 74 4
73 78 3
73 83 4
74 79 3
74 84 5
75 76 4
75 80 5
75 85 3
76 77 3
76 81 4
76 86 4
77 78 4
77 82 3
77 87 5
78 79 5
78 83 4
78 88 3
79 84 4
79 89 4
80 81 3
80 85 4
80 90 5
81 82 5
81 86 3
81 91 4
82 83 4
82 87 4
82 92 3
83 84 3
83 88 5
83 93 4
84 89 5
84 94 5
85 86 5
85 90 3
85 95 4
86 87 4
86 91 5
86 96 3
87 88 3
87 92 4
87 97 4
88 89 4
88 93 3
88 98 5
89 94 3
89 99 4
90 91 4
90 95 5
91 92 3
91 96 4
92 93 5
92 97 3
93 94 4
93 98 4
94 99 5
95 96 3
96 97 4
97 98 5
98 99 3
0 25 15
0 50 25
0 75 35
25 50 12
25 75 22
50 75 14
50 99 20
75 99 18
1 26 14
2 27 16
3 28 15
4 29 17
5 30 13
6 31 15
7 32 14
8 33 16
9 34 15
10 35 17
11 36 14
12 37 16
13 38 15
14 39 17
15 40 13
16 41 15
17 42 14
18 43 16
19 44 15
20 45 13
21 46 15
22 47 14
23 48 16
24 49 15
26 51 14
27 52 16
28 53 15
29 54 17
30 55 13
31 56 15
32 57 14
33 58 16
34 59 15
35 60 13
36 61 15
37 62 14
38 63 16
39 64 15
40 65 13
41 66 15
42 67 14
43 68 16
44 69 15
45 70 13
46 71 15
47 72 14
48 73 16
49 74 15
51 76 14
52 77 16
53 78 15
54 79 17
55 80 13
56 81 15
57 82 14
58 83 16
59 84 15
60 85 13
61 86 15
62 87 14
63 88 16
64 89 15
65 90 13
66 91 15
67 92 14
68 93 16
69 94 15
70 95 13
71 96 15
72 97 14
73 98 16
74 99 15
0 33 20
0 66 30
33 66 18
33 99 28
66 99 16
1 34 19
2 35 21
3 36 20
4 37 22
5 38 18
6 39 20
7 40 19
8 41 21
9 42 20
10 43 22
11 44 19
12 45 21
13 46 20
14 47 22
15 48 18
16 49 20
17 50 19
18 51 21
19 52 20
20 53 18
21 54 20
22 55 19
23 56 21
24 57 20
25 58 18
26 59 20
27 60 19
28 61 21
29 62 20
30 63 18
31 64 20
32 65 19
