9213
2827
9769
6072
6157
4561
4322
8089
4777
5524
2198
3624
5491
3477
2646
4966
8672
3257
3198
3170
6664
704
583
2372
6717
6368
7100
2929
6547
6675
2665
3798
535
108
1951
3210
2917
6336
3496
5561
8810
5613
5231
4287
231
4469
6402
4016
136
4795
4865
1345
6554
7901
5254
4806
8456
6255
4400
740
4062
4644
2040
906
7786
5633
1118
6970
8348
3637
9546
2341
3254
8561
1724
9875
239
3620
9492
1600
416
4085
1258
4412
2342
9280
5610
4047
1775
1353
499
394
9979
1947
6242
8324
314
6261
4757
7079
6895
995
6676
2231
1619
4889
7305
9724
4718
2590
9143
9195
9881
7642
9758
8493
4247
8091
2868
4272
7423
7107
4734
7487
6240
755
7550
2956
9933
3076
7844
9049
2293
3200
7602
6830
2757
4023
1668
3814
8308
3602
6492
267
4076
6758
8850
2343
8434
2377
7337
9641
6829
4691
3937
8456
5447
2832
4435
3382
7810
4896
3793
9089
5000
3849
7061
4305
3205
3010
8618
2134
2573
2764
6294
1979
4151
1869
3348
7682
9956
4579
1981
175
499
6302
6401
5297
7717
400
2915
8826
4052
4133
8469
3993
3284
1351
296
9478
2351
4243
8512
9987
8726
4255
5400
3767
6443
3031
8373
2589
5684
8584
4129
6508
4915
5089
3085
3911
6281
8974
4726
6566
2874
7563
9910
9625
4788
4636
9028
2739
8171
4113
8851
3517
7195
9728
4150
2358
175
8382
5489
543
755
524
5715
9721
7740
7513
3517
8195
4319
2478
356
6673
1117
7604
5811
4056
4262
3202
8714
8426
1643
336
8879
4031
9356
6879
80
9567
1901
6888
9405
8406
1004
1960
8189
7398
2278
8209
2428
2945
3715
7971
4213
4897
1305
2258
3520
3041
2479
893
84
7031
1364
9435
824
9352
5863
9273
5501
1383
9738
6099
70
660
9263
1101
68
8930
6831
541
399
8690
8692
4061
8750
2032
733
3060
6500
6082
4293
5410
7793
1507
8606
2175
5949
6272
8276
9585
7440
5953
1111
8083
3548
536
2493
6046
9927
6543
6480
6521
3611
1139
3803
1527
1577
2425
1080
1448
7296
1152
7459
1368
7992
1696
499
9279
6995
2392
2509
7931
6649
6057
1079
1543
8171
5926
3368
9145
3363
9925
3178
1045
2488
149
1784
6943
9629
8348
5747
8464
9362
9454
4200
7407
1641
2369
7703
2827
3920
8351
2820
3071
5398
6583
8753
1724
4074
1315
4215
6410
6305
8067
5465
1343
2103
9270
1895
6321
1592
1298
1544
1419
1302
76
8095
5249
3602
2861
7014
3343
4371
8996
3418
2672
7267
8047
2160
5232
5383
6608
4814
8161
3982
3357
1386
8127
3055
8516
804
8714
8165
4830
1096
2319
6030
6459
5346
6100
7234
8733
5178
6154
2779
8244
3302
4653
9643
83
4790
4066
5308
6516
1134
3733
8301
5892
7844
1358
9099
8977
8727
2110
5879
9415
5623
2871
3144
1528
4005
1793
32
5004
2370
6075
4937
818
6924
117
6990
4894
4993
1763
5017
3201
6185
5543
226
8884
1535
496
5972
7663
5869
708
6528
764
3850
6335
8139
190
7771
2398
6173
8722
5787
4631
9241
1743
6801
1887
1810
8621
9666
2996
2437
5004
4378
1578
5961
8312
4167
1300
1528
1202
798
8658
974
8965
5971
4404
3425
9893
4880
2859
5538
2938
4774
4665
755
7447
1088
6493
7504
4410
4367
7114
2267
9224
1763
8744
1387
3209
3377
1023
9733
2604
3761
5352
822
306
9796
8124
1167
4172
2719
7256
1140
3105
5039
7007
6618
9362
8760
3724
290
9376
7252
9510
2146
3750
6284
4982
4163
9571
3173
7338
7452
7109
4368
9465
7816
3001
6215
8663
7887
2803
9176
8566
6746
2519
4916
9738
5291
428
2061
2957
8113
4037
3295
7234
7399
2157
2886
2181
4286
806
5168
4981
5118
9152
4451
954
8491
8562
7776
2264
7020
8708
9958
3752
2322
21
6817
6733
4050
5296
7257
2295
4951
3176
8469
4058
509
2573
5817
6181
3112
3278
9179
419
8006
2147
7383
4513
661
4934
2058
5307
3363
3809
435
6370
1449
1618
6577
7721
3127
999
5939
9785
4887
2701
5321
4223
4936
5177
2157
9887
264
6505
1984
1252
7353
1931
485
8148
1153
2926
6459
8338
6548
4601
7460
9721
105
4410
2832
5209
8450
9484
3794
5636
7052
4692
8781
7878
680
4919
8345
4534
6368
1125
1980
3777
6832
5340
2749
9669
8118
9093
95
8603
1509
6466
744
3074
667
4069
8288
8084
6302
1703
915
3768
50
355
8865
6070
7065
2394
4460
7627
6727
160
4100
6607
1873
18
7052
5067
3069
5907
4566
6872
9209
5576
4237
8772
4994
7173
9698
372
7679
4779
622
5439
2092
172
138
7987
1340
4892
1173
6592
9006
1863
3403
2347
6598
5214
6512
6984
9634
7730
8653
9050
9037
2343
1958
7684
3843
3924
8316
1597
3014
1024
1942
629
3971
9627
3948
4217
6582
9522
3563
5343
6724
5382
3065
1715
6782
9393
1415
7043
8988
2996
7748
7552
2354
3719
6847
584
2641
6724
1275
2162
8204
4734
2985
6983
6388
5048
6575
936
1112
4854
9750
6850
8344
5390
3338
7794
9057
220
1256
6213
9217
9076
5745
678
1026
1873
6257
7816
8552
4191
6429
9718
142
696
4862
8765
9277
6741
719
8247
5041
3873
2722
2074
9547
5412
9890
7539
892
8606
6451
4589
8145
2862
1788
2929
1489
4446
1532
4702
6996
7712
7491
2373
4168
3497
9175
6099
6666
9162
6643
9960
9376
9334
9887
208
2130
5613
3324
3515
6615
4001
891
740
1577
405
2820
4665
8810
3266
2595
5343
1009
7733
4148
3676
7198
8884
4943
7066
2652
6765
7052
6816
4519
3627
4011
5698
7024
1902
8775
5967
8479
2598
7087
8679
3204
3406
4060
1179
4424
5881
9800
8796
2845
6771
237
1723
3556
2256
5139
8876
8012
6982
5185
1325
3371
2335
2
5297
1406
9473
6556
159
2557
7781
2192
7905
4363
2471
330
4175
3765
3379
881
3257
9613
2765
